10  10
0.83  0.77  0.49  0.42  0.86  0.32  0.53  0.66  0.87  0.62  
0.75  0.83  0.71  0.72  0.43  0.76  0.4  0.52  0.68  0.88  
0.65  0.76  0.42  0.61  0.82  0.52  0.3  0.37  0.71  0.77  
0.67  0.62  0.89  0.56  0.78  0.36  0.31  0.62  0.49  0.8  
0.33  0.49  0.73  0.46  0.74  0.63  0.59  0.51  0.38  0.46  
0.51  0.32  0.67  0.63  0.56  0.88  0.34  0.7  0.55  0.52  
0.8  0.58  0.31  0.39  0.82  0.41  0.56  0.76  0.8  0.87  
0.43  0.49  0.52  0.56  0.38  0.31  0.67  0.31  0.73  0.35  
0.76  0.69  0.43  0.75  0.82  0.81  0.84  0.89  0.42  0.44  
0.83  0.48  0.4  0.32  0.64  0.37  0.46  0.69  0.73  0.35  
0.57  0.68  0.52  0.66  0.61  0.52  0.47  0.6  0.63  0.61  
0.39  0.53  0.69  0.38  0.46  0.53  0.56  0.62  0.68  0.43  
0.56  0.59  0.59  0.6  0.41  0.35  0.5  0.52  0.38  0.3  
0.31  0.45  0.59  0.43  0.57  0.54  0.47  0.51  0.52  0.45  
0.33  0.35  0.62  0.56  0.57  0.62  0.42  0.4  0.67  0.34  
0.67  0.4  0.56  0.57  0.67  0.37  0.3  0.43  0.6  0.62  
0.65  0.66  0.31  0.45  0.49  0.38  0.51  0.46  0.38  0.42  
0.65  0.39  0.57  0.63  0.62  0.65  0.53  0.47  0.32  0.55  
0.38  0.61  0.36  0.44  0.65  0.67  0.31  0.42  0.36  0.6  
0.51  0.32  0.39  0.67  0.61  0.44  0.67  0.51  0.69  0.57  
84  40  91  55  32  40  68  87  59  69  
0.86  0.57  0.54  0.34  0.64  0.87  0.42  0.64  0.52  0.39  
0.48  0.88  0.34  0.79  0.44  0.41  0.31  0.49  0.34  0.56  
0.89  0.86  0.4  0.33  0.37  0.87  0.37  0.73  0.3  0.64  
0.78  0.6  0.88  0.57  0.78  0.37  0.57  0.45  0.64  0.6  
0.66  0.44  0.77  0.55  0.41  0.32  0.63  0.56  0.5  0.72  
0.7  0.66  0.84  0.81  0.52  0.34  0.62  0.36  0.38  0.81  
0.65  0.48  0.69  0.63  0.79  0.76  0.86  0.89  0.8  0.6  
0.58  0.69  0.4  0.8  0.69  0.78  0.57  0.48  0.57  0.44  
0.67  0.38  0.73  0.85  0.37  0.57  0.74  0.82  0.38  0.76  
0.82  0.83  0.36  0.63  0.31  0.81  0.75  0.67  0.3  0.37  
0.33  0.47  0.69  0.45  0.45  0.5  0.58  0.58  0.3  0.56  
0.69  0.5  0.65  0.61  0.6  0.37  0.69  0.59  0.33  0.43  
0.33  0.3  0.47  0.64  0.56  0.48  0.56  0.42  0.65  0.31  
0.46  0.58  0.57  0.6  0.49  0.41  0.61  0.46  0.49  0.38  
0.5  0.38  0.61  0.37  0.32  0.51  0.67  0.49  0.63  0.49  
0.48  0.53  0.4  0.54  0.42  0.64  0.31  0.37  0.52  0.31  
0.48  0.31  0.5  0.4  0.56  0.38  0.62  0.52  0.52  0.59  
0.34  0.35  0.4  0.35  0.47  0.47  0.49  0.54  0.45  0.58  
0.51  0.65  0.52  0.57  0.51  0.52  0.51  0.62  0.52  0.61  
0.63  0.64  0.6  0.3  0.46  0.46  0.36  0.53  0.51  0.68  
91  27  26  36  72  66  92  43  67  87  
