10  20
0.3  0.61  0.44  0.67  0.79  0.74  0.87  0.47  0.79  0.44  0.67  0.6  0.51  0.38  0.69  0.82  0.65  0.8  0.5  0.46  
0.86  0.89  0.56  0.86  0.54  0.81  0.44  0.77  0.6  0.75  0.72  0.35  0.83  0.81  0.63  0.52  0.89  0.41  0.82  0.86  
0.37  0.84  0.42  0.75  0.6  0.3  0.47  0.33  0.39  0.41  0.55  0.51  0.64  0.89  0.87  0.51  0.38  0.87  0.33  0.4  
0.3  0.52  0.35  0.81  0.68  0.33  0.87  0.7  0.73  0.73  0.8  0.45  0.41  0.75  0.71  0.42  0.32  0.4  0.85  0.38  
0.77  0.46  0.6  0.66  0.63  0.82  0.44  0.38  0.56  0.32  0.44  0.52  0.31  0.69  0.3  0.87  0.32  0.69  0.47  0.6  
0.49  0.3  0.34  0.63  0.47  0.79  0.83  0.77  0.35  0.77  0.86  0.48  0.83  0.31  0.73  0.36  0.68  0.68  0.35  0.49  
0.52  0.46  0.54  0.81  0.74  0.72  0.64  0.43  0.53  0.89  0.48  0.83  0.79  0.87  0.35  0.89  0.64  0.85  0.41  0.84  
0.57  0.45  0.35  0.88  0.73  0.64  0.88  0.68  0.77  0.47  0.75  0.39  0.66  0.7  0.31  0.33  0.49  0.35  0.66  0.44  
0.62  0.89  0.3  0.45  0.42  0.41  0.53  0.57  0.5  0.33  0.54  0.36  0.43  0.43  0.6  0.85  0.31  0.61  0.35  0.3  
0.71  0.51  0.33  0.44  0.71  0.36  0.86  0.66  0.47  0.72  0.43  0.55  0.35  0.76  0.52  0.46  0.78  0.4  0.56  0.89  
0.38  0.67  0.49  0.4  0.59  0.61  0.32  0.43  0.61  0.33  0.62  0.5  0.3  0.47  0.68  0.41  0.61  0.63  0.32  0.55  
0.52  0.4  0.48  0.5  0.32  0.4  0.62  0.36  0.38  0.44  0.53  0.45  0.68  0.34  0.43  0.64  0.62  0.45  0.56  0.34  
0.51  0.33  0.62  0.65  0.31  0.4  0.49  0.57  0.33  0.37  0.64  0.37  0.56  0.54  0.61  0.68  0.49  0.55  0.41  0.41  
0.6  0.69  0.6  0.47  0.57  0.31  0.68  0.61  0.69  0.52  0.51  0.47  0.57  0.33  0.38  0.3  0.36  0.58  0.35  0.33  
0.64  0.44  0.59  0.59  0.59  0.4  0.41  0.38  0.39  0.34  0.57  0.56  0.43  0.66  0.36  0.37  0.59  0.5  0.35  0.38  
0.46  0.66  0.5  0.49  0.47  0.41  0.39  0.49  0.31  0.53  0.67  0.39  0.32  0.45  0.33  0.65  0.45  0.68  0.52  0.58  
0.32  0.32  0.54  0.66  0.6  0.52  0.62  0.55  0.36  0.59  0.49  0.51  0.51  0.31  0.44  0.65  0.3  0.65  0.33  0.59  
0.54  0.57  0.41  0.61  0.59  0.32  0.41  0.55  0.46  0.59  0.47  0.47  0.61  0.59  0.39  0.37  0.45  0.59  0.57  0.67  
0.5  0.66  0.45  0.61  0.43  0.5  0.58  0.45  0.52  0.64  0.51  0.35  0.35  0.53  0.52  0.51  0.39  0.68  0.51  0.3  
0.62  0.45  0.5  0.69  0.55  0.57  0.52  0.59  0.63  0.63  0.3  0.35  0.47  0.31  0.48  0.43  0.45  0.61  0.36  0.63  
89  25  54  77  54  33  87  61  39  67  
0.42  0.87  0.58  0.49  0.73  0.3  0.56  0.35  0.82  0.39  
0.32  0.69  0.37  0.3  0.76  0.85  0.36  0.83  0.62  0.44  
0.3  0.68  0.48  0.39  0.86  0.77  0.85  0.81  0.63  0.54  
0.81  0.87  0.69  0.46  0.89  0.53  0.52  0.57  0.78  0.71  
0.79  0.55  0.32  0.52  0.84  0.73  0.58  0.7  0.46  0.77  
0.61  0.67  0.74  0.61  0.88  0.81  0.63  0.89  0.41  0.76  
0.76  0.7  0.81  0.31  0.67  0.61  0.33  0.44  0.88  0.8  
0.3  0.74  0.7  0.33  0.66  0.6  0.57  0.32  0.31  0.48  
0.83  0.39  0.88  0.84  0.48  0.36  0.54  0.55  0.81  0.63  
0.68  0.59  0.36  0.41  0.3  0.61  0.66  0.6  0.34  0.61  
0.4  0.75  0.6  0.65  0.31  0.65  0.47  0.68  0.77  0.77  
0.36  0.36  0.41  0.33  0.55  0.67  0.58  0.39  0.73  0.72  
0.7  0.31  0.89  0.46  0.39  0.34  0.53  0.57  0.53  0.87  
0.71  0.77  0.54  0.88  0.42  0.75  0.65  0.47  0.59  0.89  
0.89  0.45  0.57  0.61  0.78  0.46  0.72  0.49  0.5  0.67  
0.37  0.53  0.37  0.89  0.57  0.53  0.33  0.75  0.45  0.41  
0.43  0.49  0.64  0.55  0.62  0.89  0.83  0.4  0.58  0.42  
0.57  0.73  0.36  0.36  0.81  0.63  0.84  0.79  0.57  0.45  
0.58  0.88  0.4  0.33  0.5  0.6  0.59  0.73  0.5  0.82  
0.87  0.67  0.46  0.39  0.7  0.63  0.46  0.35  0.57  0.88  
0.34  0.39  0.69  0.62  0.37  0.57  0.41  0.39  0.42  0.48  
0.58  0.63  0.6  0.33  0.51  0.56  0.33  0.41  0.6  0.37  
0.54  0.6  0.5  0.34  0.49  0.61  0.49  0.61  0.39  0.3  
0.68  0.68  0.55  0.59  0.6  0.63  0.38  0.42  0.32  0.31  
0.52  0.61  0.52  0.47  0.31  0.68  0.37  0.66  0.3  0.68  
0.35  0.62  0.49  0.69  0.48  0.63  0.64  0.35  0.64  0.62  
0.33  0.58  0.34  0.67  0.38  0.32  0.3  0.49  0.54  0.45  
0.47  0.42  0.5  0.3  0.67  0.5  0.59  0.43  0.32  0.4  
0.42  0.37  0.49  0.66  0.4  0.52  0.65  0.33  0.63  0.64  
0.32  0.61  0.64  0.47  0.68  0.5  0.63  0.38  0.34  0.35  
0.6  0.51  0.45  0.61  0.6  0.5  0.46  0.32  0.47  0.31  
0.36  0.49  0.67  0.44  0.38  0.43  0.33  0.43  0.55  0.56  
0.62  0.3  0.48  0.59  0.69  0.36  0.37  0.47  0.66  0.63  
0.33  0.69  0.66  0.68  0.59  0.58  0.42  0.51  0.53  0.39  
0.69  0.56  0.5  0.37  0.34  0.64  0.33  0.65  0.69  0.64  
0.63  0.36  0.53  0.35  0.57  0.46  0.54  0.58  0.58  0.68  
0.32  0.33  0.34  0.32  0.39  0.4  0.4  0.56  0.44  0.39  
0.41  0.65  0.36  0.69  0.58  0.61  0.32  0.67  0.42  0.5  
0.69  0.68  0.67  0.38  0.68  0.64  0.59  0.56  0.61  0.65  
0.46  0.41  0.39  0.45  0.62  0.58  0.43  0.62  0.45  0.39  
82  78  78  36  83  35  26  61  69  27  73  80  83  85  79  74  29  76  40  48  
