12  10
0.59  0.77  0.67  0.74  0.62  0.78  0.82  0.34  0.47  0.7  
0.68  0.87  0.54  0.53  0.8  0.67  0.66  0.62  0.46  0.84  
0.84  0.46  0.45  0.46  0.55  0.47  0.69  0.3  0.49  0.37  
0.7  0.7  0.5  0.62  0.61  0.47  0.84  0.43  0.62  0.53  
0.39  0.89  0.83  0.7  0.66  0.61  0.56  0.54  0.6  0.32  
0.64  0.53  0.68  0.34  0.83  0.78  0.43  0.85  0.88  0.3  
0.76  0.76  0.69  0.68  0.34  0.88  0.72  0.31  0.76  0.71  
0.8  0.72  0.57  0.43  0.33  0.59  0.65  0.85  0.32  0.6  
0.64  0.67  0.47  0.3  0.73  0.75  0.52  0.42  0.54  0.85  
0.87  0.8  0.66  0.87  0.36  0.8  0.35  0.55  0.45  0.47  
0.78  0.88  0.33  0.76  0.87  0.32  0.34  0.72  0.77  0.89  
0.37  0.4  0.73  0.39  0.32  0.42  0.69  0.58  0.75  0.39  
0.41  0.69  0.53  0.32  0.53  0.46  0.4  0.58  0.66  0.62  
0.67  0.54  0.37  0.35  0.37  0.32  0.52  0.48  0.36  0.59  
0.6  0.49  0.67  0.62  0.59  0.64  0.3  0.3  0.63  0.63  
0.61  0.44  0.54  0.31  0.55  0.32  0.48  0.56  0.33  0.38  
0.65  0.42  0.64  0.48  0.59  0.52  0.35  0.6  0.44  0.5  
0.68  0.47  0.52  0.6  0.57  0.5  0.42  0.61  0.62  0.45  
0.55  0.58  0.37  0.49  0.59  0.52  0.4  0.58  0.62  0.55  
0.62  0.69  0.5  0.35  0.37  0.61  0.55  0.66  0.32  0.53  
0.31  0.6  0.57  0.41  0.68  0.4  0.39  0.37  0.3  0.6  
0.59  0.51  0.57  0.46  0.64  0.47  0.3  0.68  0.42  0.53  
0.41  0.57  0.32  0.62  0.59  0.33  0.6  0.46  0.41  0.39  
0.59  0.33  0.53  0.52  0.32  0.32  0.35  0.43  0.38  0.62  
29  33  91  45  49  64  75  33  51  65  72  98  
0.83  0.87  0.42  0.68  0.33  0.45  0.65  0.69  0.45  0.62  0.58  0.86  
0.72  0.43  0.43  0.81  0.66  0.67  0.57  0.82  0.41  0.33  0.57  0.62  
0.34  0.43  0.68  0.52  0.55  0.78  0.78  0.62  0.73  0.67  0.39  0.57  
0.87  0.77  0.7  0.79  0.83  0.52  0.86  0.48  0.31  0.45  0.5  0.42  
0.7  0.43  0.84  0.78  0.88  0.45  0.77  0.52  0.59  0.41  0.35  0.38  
0.87  0.89  0.5  0.56  0.85  0.84  0.89  0.41  0.75  0.59  0.8  0.46  
0.31  0.68  0.66  0.35  0.38  0.42  0.41  0.74  0.87  0.67  0.76  0.37  
0.68  0.47  0.6  0.74  0.3  0.74  0.81  0.85  0.75  0.67  0.83  0.32  
0.89  0.41  0.69  0.57  0.66  0.86  0.73  0.57  0.51  0.31  0.66  0.63  
0.45  0.52  0.77  0.89  0.6  0.48  0.77  0.71  0.54  0.43  0.61  0.76  
0.6  0.57  0.36  0.57  0.51  0.46  0.57  0.66  0.38  0.4  0.42  0.63  
0.58  0.48  0.69  0.48  0.5  0.61  0.56  0.33  0.52  0.53  0.38  0.53  
0.51  0.54  0.4  0.44  0.46  0.6  0.53  0.66  0.42  0.51  0.69  0.66  
0.43  0.56  0.42  0.43  0.65  0.59  0.57  0.34  0.32  0.39  0.63  0.63  
0.4  0.38  0.47  0.36  0.55  0.62  0.51  0.36  0.67  0.32  0.49  0.33  
0.61  0.35  0.48  0.49  0.42  0.44  0.34  0.33  0.68  0.66  0.53  0.42  
0.64  0.39  0.45  0.51  0.65  0.57  0.44  0.63  0.37  0.33  0.37  0.41  
0.38  0.59  0.45  0.45  0.36  0.56  0.51  0.33  0.33  0.56  0.33  0.6  
0.38  0.36  0.51  0.61  0.52  0.44  0.4  0.47  0.61  0.36  0.31  0.36  
0.35  0.68  0.52  0.39  0.49  0.39  0.67  0.63  0.49  0.6  0.35  0.65  
98  35  63  43  87  70  48  66  39  41  
