15  10
0.85  0.69  0.88  0.53  0.55  0.44  0.74  0.76  0.48  0.33  
0.85  0.8  0.65  0.32  0.3  0.8  0.62  0.64  0.44  0.73  
0.72  0.82  0.71  0.47  0.87  0.61  0.37  0.43  0.49  0.57  
0.69  0.44  0.54  0.79  0.89  0.8  0.82  0.81  0.86  0.73  
0.64  0.39  0.41  0.73  0.69  0.52  0.84  0.34  0.55  0.72  
0.3  0.82  0.74  0.54  0.83  0.38  0.68  0.82  0.83  0.79  
0.6  0.82  0.32  0.46  0.43  0.84  0.7  0.8  0.61  0.58  
0.47  0.61  0.57  0.65  0.63  0.62  0.74  0.63  0.38  0.65  
0.64  0.32  0.43  0.76  0.32  0.34  0.63  0.4  0.59  0.36  
0.59  0.43  0.82  0.56  0.7  0.87  0.66  0.41  0.7  0.86  
0.64  0.59  0.88  0.59  0.48  0.4  0.42  0.79  0.73  0.43  
0.58  0.87  0.64  0.59  0.84  0.39  0.62  0.34  0.84  0.64  
0.87  0.7  0.76  0.74  0.33  0.32  0.54  0.73  0.81  0.71  
0.82  0.41  0.36  0.68  0.35  0.56  0.43  0.64  0.71  0.54  
0.59  0.37  0.36  0.79  0.75  0.8  0.61  0.8  0.33  0.86  
0.69  0.51  0.49  0.69  0.42  0.4  0.31  0.34  0.53  0.32  
0.38  0.69  0.65  0.41  0.59  0.41  0.65  0.42  0.48  0.52  
0.54  0.53  0.58  0.65  0.61  0.58  0.46  0.52  0.37  0.3  
0.31  0.37  0.55  0.51  0.51  0.65  0.63  0.34  0.54  0.62  
0.66  0.62  0.55  0.3  0.4  0.67  0.34  0.37  0.68  0.39  
0.46  0.54  0.42  0.56  0.4  0.34  0.65  0.46  0.55  0.51  
0.33  0.34  0.57  0.49  0.46  0.38  0.46  0.34  0.69  0.55  
0.52  0.31  0.62  0.41  0.67  0.37  0.43  0.34  0.66  0.65  
0.56  0.34  0.64  0.56  0.44  0.33  0.4  0.46  0.39  0.5  
0.31  0.69  0.52  0.46  0.64  0.48  0.57  0.52  0.42  0.4  
0.44  0.47  0.48  0.63  0.64  0.32  0.41  0.67  0.33  0.47  
0.57  0.69  0.52  0.44  0.4  0.35  0.59  0.58  0.49  0.51  
0.64  0.54  0.38  0.65  0.39  0.6  0.34  0.59  0.56  0.6  
0.55  0.51  0.53  0.43  0.34  0.36  0.65  0.36  0.59  0.64  
0.34  0.32  0.57  0.41  0.49  0.52  0.61  0.47  0.4  0.58  
73  93  50  61  89  47  49  82  50  71  77  45  70  49  34  
0.41  0.38  0.43  0.83  0.53  0.77  0.85  0.56  0.53  0.66  0.8  0.54  0.3  0.38  0.79  
0.58  0.89  0.67  0.85  0.84  0.72  0.36  0.84  0.43  0.72  0.81  0.31  0.78  0.71  0.44  
0.7  0.86  0.59  0.79  0.85  0.36  0.74  0.55  0.75  0.4  0.76  0.36  0.85  0.7  0.61  
0.7  0.8  0.6  0.35  0.88  0.79  0.32  0.72  0.34  0.64  0.43  0.32  0.52  0.81  0.62  
0.58  0.73  0.86  0.77  0.87  0.58  0.57  0.53  0.79  0.52  0.48  0.3  0.62  0.35  0.46  
0.37  0.38  0.55  0.77  0.81  0.47  0.46  0.64  0.85  0.35  0.72  0.73  0.41  0.4  0.52  
0.35  0.45  0.86  0.44  0.47  0.43  0.65  0.42  0.4  0.83  0.46  0.36  0.5  0.37  0.41  
0.57  0.76  0.86  0.51  0.77  0.84  0.34  0.77  0.55  0.35  0.57  0.57  0.8  0.76  0.76  
0.47  0.55  0.66  0.46  0.83  0.35  0.74  0.48  0.45  0.85  0.69  0.65  0.69  0.58  0.74  
0.54  0.52  0.51  0.39  0.41  0.78  0.63  0.73  0.58  0.73  0.81  0.61  0.66  0.34  0.59  
0.32  0.48  0.47  0.58  0.58  0.42  0.65  0.55  0.67  0.65  0.63  0.41  0.5  0.55  0.63  
0.64  0.62  0.68  0.31  0.53  0.46  0.66  0.46  0.39  0.36  0.62  0.36  0.37  0.57  0.36  
0.47  0.53  0.47  0.58  0.39  0.61  0.5  0.32  0.61  0.64  0.49  0.37  0.47  0.67  0.36  
0.62  0.39  0.48  0.3  0.59  0.38  0.5  0.69  0.34  0.35  0.67  0.4  0.49  0.4  0.35  
0.56  0.3  0.46  0.34  0.33  0.49  0.47  0.47  0.35  0.44  0.37  0.33  0.53  0.33  0.34  
0.3  0.65  0.45  0.39  0.67  0.38  0.59  0.65  0.6  0.57  0.37  0.32  0.68  0.45  0.63  
0.42  0.55  0.45  0.52  0.32  0.53  0.56  0.53  0.63  0.66  0.61  0.62  0.58  0.44  0.3  
0.67  0.62  0.36  0.49  0.36  0.54  0.33  0.68  0.53  0.32  0.49  0.5  0.57  0.55  0.58  
0.52  0.32  0.58  0.48  0.41  0.54  0.54  0.55  0.49  0.46  0.55  0.36  0.46  0.55  0.69  
0.55  0.69  0.46  0.6  0.51  0.67  0.43  0.52  0.58  0.67  0.4  0.35  0.58  0.55  0.64  
37  78  59  91  56  59  58  46  80  37  
