20  20
0.56  0.52  0.57  0.45  0.79  0.48  0.78  0.36  0.8  0.75  0.84  0.53  0.62  0.77  0.86  0.86  0.61  0.82  0.56  0.44  
0.66  0.64  0.82  0.87  0.34  0.87  0.64  0.3  0.68  0.35  0.8  0.69  0.87  0.38  0.31  0.84  0.87  0.87  0.46  0.46  
0.63  0.34  0.52  0.86  0.63  0.81  0.76  0.73  0.34  0.82  0.81  0.72  0.71  0.41  0.87  0.71  0.63  0.85  0.88  0.3  
0.83  0.66  0.59  0.58  0.84  0.3  0.85  0.59  0.58  0.6  0.46  0.34  0.33  0.36  0.41  0.46  0.41  0.77  0.3  0.35  
0.77  0.79  0.56  0.52  0.82  0.49  0.56  0.44  0.53  0.42  0.76  0.75  0.46  0.38  0.63  0.87  0.55  0.55  0.72  0.39  
0.36  0.61  0.82  0.46  0.68  0.35  0.31  0.83  0.32  0.38  0.55  0.36  0.74  0.51  0.74  0.33  0.61  0.44  0.44  0.74  
0.71  0.79  0.77  0.63  0.55  0.39  0.58  0.79  0.68  0.59  0.82  0.31  0.69  0.6  0.72  0.52  0.55  0.61  0.77  0.88  
0.88  0.41  0.77  0.84  0.49  0.88  0.39  0.78  0.66  0.3  0.44  0.46  0.41  0.88  0.78  0.61  0.72  0.53  0.45  0.58  
0.75  0.56  0.31  0.79  0.41  0.7  0.83  0.59  0.82  0.55  0.39  0.42  0.69  0.88  0.36  0.32  0.34  0.63  0.5  0.47  
0.47  0.78  0.43  0.54  0.35  0.41  0.76  0.7  0.79  0.79  0.75  0.88  0.8  0.31  0.83  0.31  0.49  0.51  0.33  0.36  
0.33  0.81  0.43  0.75  0.31  0.63  0.58  0.43  0.58  0.64  0.87  0.33  0.83  0.89  0.5  0.73  0.65  0.58  0.59  0.57  
0.51  0.82  0.38  0.5  0.47  0.32  0.85  0.36  0.63  0.31  0.7  0.86  0.68  0.58  0.74  0.34  0.87  0.56  0.64  0.82  
0.79  0.63  0.79  0.42  0.82  0.63  0.6  0.6  0.71  0.74  0.82  0.58  0.32  0.34  0.42  0.59  0.45  0.75  0.89  0.53  
0.64  0.85  0.47  0.69  0.75  0.83  0.79  0.59  0.63  0.57  0.77  0.39  0.42  0.44  0.66  0.33  0.35  0.68  0.82  0.33  
0.77  0.63  0.46  0.34  0.61  0.51  0.56  0.84  0.48  0.75  0.36  0.7  0.81  0.34  0.68  0.37  0.62  0.57  0.68  0.59  
0.6  0.76  0.42  0.44  0.75  0.34  0.36  0.63  0.68  0.6  0.67  0.47  0.51  0.75  0.66  0.56  0.84  0.33  0.68  0.87  
0.77  0.89  0.82  0.32  0.44  0.46  0.52  0.59  0.85  0.62  0.37  0.81  0.55  0.75  0.86  0.69  0.67  0.66  0.59  0.42  
0.64  0.35  0.32  0.35  0.49  0.63  0.35  0.52  0.68  0.83  0.61  0.38  0.53  0.58  0.46  0.3  0.55  0.49  0.36  0.34  
0.36  0.82  0.75  0.61  0.38  0.43  0.59  0.45  0.6  0.56  0.58  0.89  0.67  0.48  0.49  0.79  0.67  0.42  0.32  0.78  
0.38  0.58  0.84  0.49  0.58  0.76  0.65  0.36  0.56  0.55  0.32  0.75  0.51  0.63  0.74  0.48  0.87  0.35  0.85  0.63  
0.44  0.36  0.51  0.41  0.5  0.48  0.49  0.57  0.54  0.58  0.5  0.35  0.52  0.3  0.4  0.54  0.66  0.59  0.42  0.39  
0.37  0.68  0.46  0.64  0.67  0.36  0.65  0.57  0.41  0.53  0.45  0.3  0.46  0.66  0.66  0.64  0.39  0.51  0.33  0.57  
0.6  0.33  0.68  0.42  0.59  0.67  0.42  0.31  0.44  0.41  0.42  0.62  0.69  0.63  0.53  0.43  0.3  0.68  0.57  0.4  
0.47  0.67  0.59  0.59  0.41  0.49  0.45  0.56  0.51  0.33  0.64  0.33  0.46  0.52  0.43  0.59  0.35  0.61  0.53  0.51  
0.35  0.44  0.64  0.41  0.63  0.65  0.39  0.52  0.66  0.44  0.65  0.38  0.35  0.42  0.38  0.4  0.63  0.35  0.65  0.65  
0.46  0.65  0.39  0.35  0.69  0.51  0.55  0.31  0.68  0.67  0.34  0.35  0.33  0.53  0.53  0.49  0.69  0.5  0.53  0.33  
0.69  0.36  0.5  0.41  0.52  0.5  0.39  0.37  0.31  0.3  0.33  0.5  0.65  0.53  0.37  0.55  0.48  0.54  0.39  0.61  
0.39  0.63  0.65  0.38  0.37  0.52  0.65  0.53  0.38  0.66  0.3  0.44  0.49  0.43  0.36  0.36  0.5  0.43  0.61  0.4  
0.33  0.42  0.34  0.67  0.5  0.35  0.35  0.51  0.54  0.69  0.6  0.3  0.58  0.63  0.49  0.52  0.47  0.33  0.43  0.61  
0.42  0.64  0.43  0.53  0.44  0.59  0.3  0.44  0.69  0.36  0.49  0.51  0.69  0.57  0.39  0.68  0.43  0.6  0.41  0.57  
0.33  0.47  0.53  0.48  0.47  0.36  0.51  0.46  0.47  0.36  0.51  0.49  0.57  0.54  0.35  0.42  0.48  0.5  0.32  0.59  
0.53  0.63  0.5  0.37  0.51  0.58  0.46  0.46  0.42  0.48  0.46  0.48  0.56  0.69  0.35  0.37  0.52  0.54  0.3  0.42  
0.53  0.6  0.43  0.5  0.59  0.5  0.31  0.37  0.52  0.33  0.59  0.64  0.58  0.58  0.57  0.55  0.43  0.6  0.31  0.32  
0.41  0.38  0.51  0.65  0.42  0.39  0.45  0.53  0.59  0.68  0.51  0.43  0.41  0.66  0.56  0.63  0.56  0.53  0.3  0.45  
0.4  0.64  0.55  0.52  0.52  0.54  0.38  0.55  0.37  0.48  0.59  0.5  0.31  0.48  0.55  0.67  0.57  0.45  0.36  0.46  
0.67  0.64  0.33  0.62  0.59  0.54  0.45  0.49  0.57  0.47  0.65  0.67  0.52  0.31  0.67  0.69  0.52  0.59  0.4  0.31  
0.33  0.3  0.58  0.36  0.51  0.6  0.42  0.62  0.6  0.55  0.4  0.42  0.6  0.48  0.49  0.37  0.35  0.56  0.48  0.62  
0.52  0.39  0.56  0.46  0.48  0.3  0.4  0.61  0.48  0.64  0.4  0.63  0.55  0.62  0.59  0.63  0.63  0.43  0.54  0.43  
0.43  0.52  0.56  0.4  0.45  0.69  0.66  0.39  0.34  0.32  0.33  0.48  0.34  0.39  0.58  0.38  0.36  0.6  0.69  0.68  
0.41  0.31  0.37  0.46  0.48  0.47  0.55  0.34  0.5  0.61  0.41  0.4  0.3  0.3  0.45  0.65  0.48  0.47  0.61  0.6  
76  90  45  80  47  35  71  28  56  91  76  86  63  77  58  40  87  89  74  58  
0.66  0.45  0.77  0.47  0.56  0.77  0.64  0.83  0.68  0.78  0.87  0.48  0.36  0.58  0.32  0.84  0.38  0.47  0.81  0.62  
0.36  0.57  0.63  0.4  0.41  0.83  0.82  0.36  0.32  0.37  0.74  0.81  0.56  0.57  0.48  0.33  0.64  0.86  0.45  0.3  
0.44  0.52  0.38  0.71  0.35  0.38  0.52  0.49  0.78  0.84  0.66  0.7  0.89  0.81  0.41  0.76  0.85  0.72  0.76  0.65  
0.61  0.41  0.6  0.73  0.49  0.58  0.33  0.68  0.56  0.3  0.74  0.86  0.72  0.74  0.33  0.77  0.36  0.71  0.58  0.74  
0.65  0.79  0.34  0.46  0.73  0.59  0.31  0.58  0.56  0.72  0.54  0.52  0.51  0.85  0.52  0.32  0.55  0.73  0.45  0.44  
0.3  0.45  0.38  0.68  0.61  0.48  0.52  0.4  0.65  0.8  0.66  0.66  0.65  0.48  0.68  0.66  0.52  0.84  0.52  0.85  
0.87  0.65  0.41  0.34  0.46  0.7  0.89  0.63  0.72  0.42  0.87  0.47  0.36  0.5  0.38  0.86  0.65  0.45  0.37  0.42  
0.56  0.47  0.43  0.49  0.72  0.71  0.4  0.87  0.34  0.6  0.77  0.41  0.63  0.41  0.52  0.74  0.79  0.76  0.68  0.33  
0.79  0.72  0.44  0.75  0.85  0.79  0.73  0.62  0.57  0.54  0.77  0.51  0.64  0.62  0.81  0.8  0.37  0.83  0.79  0.48  
0.44  0.67  0.73  0.55  0.5  0.37  0.68  0.81  0.68  0.43  0.88  0.3  0.59  0.32  0.47  0.71  0.4  0.38  0.88  0.84  
0.62  0.67  0.87  0.61  0.84  0.62  0.82  0.46  0.59  0.33  0.89  0.54  0.84  0.49  0.73  0.46  0.58  0.85  0.45  0.57  
0.5  0.3  0.46  0.71  0.66  0.71  0.57  0.76  0.39  0.6  0.83  0.38  0.54  0.52  0.37  0.86  0.5  0.67  0.31  0.31  
0.44  0.53  0.77  0.79  0.79  0.49  0.44  0.66  0.45  0.65  0.74  0.44  0.86  0.78  0.66  0.47  0.35  0.71  0.86  0.53  
0.77  0.33  0.69  0.58  0.47  0.49  0.71  0.37  0.37  0.61  0.87  0.79  0.59  0.71  0.76  0.41  0.3  0.68  0.43  0.72  
0.85  0.57  0.32  0.74  0.78  0.4  0.35  0.7  0.66  0.64  0.41  0.34  0.7  0.6  0.63  0.68  0.44  0.41  0.66  0.67  
0.85  0.35  0.48  0.79  0.56  0.87  0.34  0.64  0.51  0.54  0.38  0.31  0.89  0.4  0.54  0.73  0.56  0.45  0.34  0.68  
0.71  0.36  0.71  0.88  0.7  0.63  0.68  0.62  0.6  0.5  0.46  0.87  0.58  0.59  0.86  0.58  0.47  0.68  0.57  0.46  
0.36  0.39  0.32  0.71  0.72  0.59  0.85  0.43  0.46  0.64  0.86  0.78  0.86  0.85  0.83  0.85  0.65  0.72  0.57  0.62  
0.89  0.62  0.66  0.37  0.6  0.51  0.62  0.61  0.72  0.48  0.44  0.81  0.43  0.87  0.61  0.6  0.8  0.74  0.44  0.52  
0.66  0.64  0.84  0.47  0.79  0.73  0.54  0.71  0.51  0.48  0.58  0.83  0.54  0.54  0.62  0.37  0.8  0.6  0.44  0.75  
0.31  0.65  0.41  0.65  0.5  0.61  0.31  0.43  0.32  0.57  0.48  0.58  0.31  0.6  0.51  0.64  0.46  0.46  0.39  0.58  
0.53  0.67  0.38  0.46  0.59  0.66  0.36  0.6  0.64  0.46  0.47  0.36  0.44  0.52  0.49  0.4  0.4  0.38  0.67  0.52  
0.44  0.4  0.53  0.59  0.32  0.49  0.52  0.51  0.47  0.53  0.43  0.69  0.33  0.48  0.61  0.54  0.64  0.69  0.57  0.41  
0.45  0.4  0.31  0.56  0.36  0.57  0.59  0.64  0.69  0.34  0.32  0.45  0.52  0.34  0.46  0.62  0.67  0.51  0.38  0.35  
0.63  0.65  0.69  0.52  0.4  0.45  0.4  0.43  0.69  0.56  0.64  0.6  0.31  0.44  0.54  0.6  0.61  0.55  0.48  0.32  
0.57  0.33  0.36  0.48  0.64  0.65  0.68  0.36  0.31  0.34  0.5  0.61  0.6  0.44  0.3  0.63  0.43  0.32  0.39  0.69  
0.42  0.44  0.39  0.38  0.39  0.64  0.58  0.39  0.32  0.64  0.31  0.57  0.6  0.43  0.47  0.6  0.56  0.43  0.54  0.36  
0.68  0.38  0.32  0.35  0.47  0.52  0.38  0.39  0.32  0.42  0.49  0.61  0.55  0.31  0.46  0.38  0.59  0.37  0.67  0.65  
0.62  0.5  0.49  0.34  0.54  0.47  0.58  0.33  0.52  0.33  0.45  0.54  0.5  0.46  0.31  0.36  0.65  0.5  0.44  0.51  
0.41  0.51  0.31  0.66  0.36  0.33  0.54  0.68  0.61  0.59  0.66  0.67  0.45  0.62  0.53  0.35  0.47  0.63  0.53  0.48  
0.53  0.58  0.64  0.5  0.49  0.52  0.32  0.64  0.56  0.46  0.57  0.51  0.52  0.67  0.56  0.69  0.66  0.44  0.39  0.49  
0.6  0.65  0.54  0.68  0.47  0.36  0.68  0.52  0.47  0.57  0.31  0.32  0.41  0.32  0.4  0.57  0.49  0.54  0.5  0.48  
0.46  0.64  0.36  0.48  0.51  0.41  0.53  0.52  0.55  0.39  0.64  0.52  0.39  0.57  0.48  0.68  0.34  0.51  0.3  0.38  
0.3  0.38  0.56  0.34  0.33  0.41  0.44  0.66  0.42  0.52  0.38  0.59  0.49  0.55  0.3  0.65  0.53  0.55  0.3  0.33  
0.69  0.49  0.34  0.53  0.64  0.57  0.64  0.36  0.56  0.45  0.5  0.48  0.6  0.53  0.5  0.36  0.46  0.46  0.53  0.38  
0.61  0.64  0.59  0.33  0.51  0.69  0.47  0.38  0.57  0.35  0.34  0.68  0.5  0.51  0.44  0.61  0.54  0.34  0.45  0.59  
0.64  0.48  0.49  0.59  0.41  0.48  0.67  0.32  0.46  0.47  0.67  0.59  0.56  0.65  0.34  0.66  0.35  0.4  0.38  0.47  
0.33  0.54  0.49  0.43  0.48  0.53  0.63  0.67  0.65  0.68  0.64  0.41  0.5  0.45  0.58  0.61  0.3  0.53  0.51  0.62  
0.67  0.36  0.69  0.35  0.44  0.3  0.43  0.31  0.57  0.41  0.43  0.53  0.44  0.32  0.45  0.32  0.37  0.54  0.34  0.55  
0.49  0.47  0.64  0.62  0.45  0.6  0.46  0.48  0.49  0.53  0.43  0.44  0.67  0.69  0.36  0.3  0.42  0.56  0.37  0.63  
66  57  26  87  50  68  98  70  66  32  53  45  69  96  28  51  86  53  28  56  
