40  20
0.48  0.79  0.4  0.62  0.72  0.4  0.7  0.68  0.81  0.7  0.57  0.38  0.76  0.34  0.53  0.52  0.45  0.33  0.59  0.82  
0.86  0.75  0.84  0.37  0.45  0.48  0.61  0.57  0.76  0.84  0.79  0.77  0.88  0.88  0.81  0.74  0.31  0.5  0.35  0.87  
0.61  0.53  0.73  0.48  0.52  0.54  0.72  0.48  0.84  0.34  0.81  0.61  0.84  0.74  0.88  0.43  0.54  0.87  0.78  0.6  
0.6  0.86  0.46  0.66  0.41  0.83  0.72  0.89  0.81  0.43  0.31  0.79  0.85  0.88  0.42  0.61  0.58  0.32  0.41  0.36  
0.86  0.85  0.49  0.76  0.52  0.88  0.87  0.39  0.55  0.63  0.8  0.69  0.69  0.37  0.71  0.87  0.48  0.35  0.63  0.65  
0.7  0.72  0.64  0.81  0.57  0.66  0.63  0.44  0.85  0.66  0.44  0.71  0.41  0.82  0.67  0.87  0.47  0.56  0.62  0.72  
0.56  0.34  0.7  0.44  0.75  0.32  0.37  0.38  0.37  0.66  0.39  0.61  0.57  0.66  0.88  0.39  0.45  0.72  0.88  0.86  
0.37  0.84  0.56  0.69  0.62  0.6  0.6  0.38  0.3  0.55  0.41  0.51  0.41  0.73  0.53  0.58  0.59  0.88  0.73  0.85  
0.41  0.58  0.43  0.86  0.32  0.76  0.31  0.72  0.78  0.38  0.71  0.62  0.54  0.48  0.57  0.55  0.42  0.77  0.8  0.3  
0.67  0.65  0.71  0.59  0.39  0.68  0.41  0.7  0.31  0.41  0.7  0.44  0.5  0.61  0.77  0.55  0.66  0.65  0.46  0.41  
0.46  0.8  0.73  0.44  0.44  0.53  0.48  0.4  0.71  0.79  0.74  0.58  0.56  0.82  0.85  0.56  0.44  0.79  0.45  0.52  
0.61  0.59  0.45  0.77  0.5  0.49  0.69  0.64  0.83  0.52  0.85  0.48  0.5  0.66  0.57  0.64  0.83  0.3  0.61  0.85  
0.63  0.35  0.87  0.7  0.75  0.5  0.62  0.34  0.73  0.42  0.86  0.53  0.51  0.86  0.86  0.3  0.87  0.42  0.4  0.81  
0.64  0.58  0.51  0.6  0.46  0.76  0.41  0.43  0.31  0.56  0.35  0.72  0.76  0.61  0.74  0.39  0.42  0.73  0.63  0.42  
0.83  0.48  0.47  0.44  0.59  0.81  0.88  0.43  0.47  0.58  0.46  0.51  0.39  0.51  0.33  0.85  0.79  0.61  0.37  0.72  
0.36  0.43  0.79  0.39  0.64  0.88  0.44  0.84  0.84  0.74  0.76  0.63  0.4  0.75  0.32  0.41  0.76  0.3  0.87  0.46  
0.48  0.88  0.3  0.37  0.61  0.47  0.54  0.68  0.55  0.46  0.82  0.32  0.83  0.3  0.89  0.77  0.38  0.41  0.64  0.77  
0.76  0.62  0.56  0.61  0.77  0.65  0.63  0.45  0.42  0.43  0.48  0.53  0.84  0.83  0.8  0.88  0.54  0.61  0.83  0.6  
0.4  0.75  0.84  0.49  0.82  0.39  0.6  0.71  0.89  0.73  0.31  0.62  0.84  0.69  0.52  0.49  0.55  0.43  0.46  0.63  
0.57  0.85  0.75  0.39  0.54  0.6  0.3  0.62  0.75  0.67  0.47  0.41  0.48  0.68  0.7  0.49  0.38  0.36  0.52  0.44  
0.39  0.7  0.89  0.76  0.55  0.83  0.87  0.42  0.65  0.36  0.85  0.71  0.88  0.75  0.87  0.37  0.74  0.63  0.69  0.45  
0.66  0.67  0.43  0.48  0.89  0.64  0.77  0.76  0.48  0.58  0.34  0.44  0.67  0.6  0.73  0.86  0.81  0.47  0.45  0.8  
0.74  0.42  0.89  0.37  0.61  0.63  0.61  0.58  0.56  0.35  0.56  0.45  0.65  0.66  0.51  0.8  0.86  0.85  0.36  0.88  
0.5  0.53  0.66  0.56  0.57  0.69  0.76  0.81  0.3  0.43  0.72  0.88  0.68  0.83  0.5  0.58  0.68  0.67  0.45  0.66  
0.6  0.54  0.77  0.76  0.34  0.48  0.7  0.37  0.5  0.73  0.44  0.55  0.34  0.53  0.47  0.58  0.65  0.59  0.69  0.72  
0.58  0.61  0.5  0.45  0.34  0.76  0.63  0.69  0.35  0.64  0.3  0.42  0.62  0.42  0.4  0.72  0.39  0.64  0.72  0.83  
0.83  0.45  0.32  0.33  0.71  0.3  0.7  0.64  0.47  0.88  0.77  0.47  0.69  0.42  0.79  0.75  0.64  0.69  0.68  0.75  
0.67  0.3  0.72  0.44  0.82  0.56  0.42  0.6  0.31  0.64  0.75  0.35  0.8  0.81  0.53  0.76  0.32  0.47  0.34  0.3  
0.71  0.82  0.35  0.38  0.36  0.62  0.52  0.82  0.54  0.7  0.67  0.62  0.52  0.57  0.45  0.46  0.32  0.6  0.67  0.85  
0.69  0.78  0.64  0.41  0.41  0.65  0.39  0.46  0.55  0.73  0.32  0.79  0.38  0.42  0.88  0.78  0.37  0.41  0.77  0.47  
0.31  0.54  0.34  0.73  0.74  0.33  0.86  0.68  0.56  0.74  0.3  0.3  0.83  0.43  0.42  0.55  0.46  0.64  0.49  0.34  
0.31  0.76  0.4  0.75  0.86  0.39  0.43  0.46  0.65  0.5  0.53  0.89  0.78  0.79  0.53  0.69  0.42  0.81  0.61  0.65  
0.35  0.42  0.52  0.43  0.6  0.67  0.79  0.39  0.47  0.39  0.31  0.57  0.4  0.56  0.89  0.5  0.6  0.39  0.85  0.7  
0.77  0.86  0.88  0.61  0.52  0.75  0.57  0.6  0.58  0.86  0.5  0.41  0.39  0.39  0.56  0.45  0.52  0.73  0.71  0.36  
0.68  0.46  0.55  0.7  0.38  0.37  0.43  0.41  0.37  0.4  0.74  0.83  0.75  0.81  0.48  0.42  0.54  0.87  0.61  0.61  
0.88  0.68  0.69  0.4  0.74  0.34  0.35  0.83  0.75  0.47  0.83  0.5  0.57  0.33  0.66  0.73  0.41  0.42  0.71  0.55  
0.67  0.55  0.65  0.6  0.37  0.79  0.82  0.4  0.52  0.87  0.74  0.48  0.58  0.79  0.69  0.43  0.5  0.67  0.49  0.77  
0.57  0.39  0.79  0.42  0.59  0.8  0.75  0.42  0.85  0.76  0.37  0.36  0.52  0.56  0.71  0.89  0.81  0.44  0.81  0.59  
0.38  0.3  0.52  0.66  0.66  0.51  0.66  0.77  0.37  0.5  0.45  0.43  0.78  0.3  0.78  0.43  0.32  0.47  0.52  0.74  
0.86  0.76  0.64  0.37  0.38  0.87  0.79  0.79  0.69  0.59  0.83  0.84  0.61  0.5  0.78  0.37  0.5  0.75  0.37  0.46  
0.45  0.67  0.31  0.58  0.5  0.64  0.33  0.34  0.57  0.41  0.53  0.56  0.4  0.51  0.49  0.57  0.39  0.31  0.38  0.65  
0.52  0.34  0.68  0.3  0.39  0.41  0.57  0.4  0.32  0.33  0.66  0.47  0.32  0.61  0.48  0.53  0.54  0.33  0.55  0.53  
0.67  0.31  0.35  0.53  0.63  0.4  0.52  0.64  0.54  0.62  0.43  0.55  0.61  0.47  0.69  0.41  0.42  0.68  0.4  0.32  
0.35  0.51  0.6  0.38  0.53  0.34  0.52  0.48  0.64  0.37  0.53  0.42  0.64  0.49  0.46  0.35  0.64  0.58  0.64  0.51  
0.5  0.42  0.55  0.66  0.34  0.59  0.58  0.5  0.6  0.47  0.64  0.31  0.43  0.46  0.6  0.62  0.51  0.64  0.66  0.52  
0.65  0.43  0.42  0.33  0.34  0.55  0.69  0.52  0.41  0.48  0.37  0.65  0.69  0.36  0.34  0.41  0.58  0.3  0.66  0.32  
0.39  0.42  0.57  0.36  0.4  0.57  0.41  0.44  0.68  0.32  0.67  0.4  0.58  0.6  0.55  0.4  0.4  0.4  0.57  0.56  
0.36  0.59  0.6  0.34  0.3  0.68  0.67  0.44  0.37  0.63  0.62  0.59  0.41  0.52  0.58  0.4  0.42  0.54  0.52  0.5  
0.55  0.33  0.39  0.36  0.57  0.56  0.43  0.41  0.65  0.54  0.57  0.37  0.63  0.35  0.53  0.38  0.69  0.33  0.35  0.43  
0.43  0.48  0.53  0.6  0.44  0.47  0.67  0.66  0.33  0.35  0.68  0.63  0.6  0.61  0.53  0.33  0.56  0.63  0.48  0.67  
0.55  0.39  0.38  0.45  0.36  0.56  0.31  0.54  0.5  0.69  0.65  0.39  0.68  0.47  0.48  0.33  0.47  0.41  0.45  0.42  
0.37  0.49  0.42  0.52  0.59  0.66  0.61  0.38  0.53  0.57  0.67  0.55  0.65  0.44  0.39  0.56  0.49  0.65  0.35  0.57  
0.61  0.46  0.62  0.55  0.32  0.53  0.54  0.53  0.66  0.43  0.56  0.48  0.62  0.64  0.3  0.56  0.68  0.65  0.64  0.51  
0.66  0.69  0.38  0.36  0.31  0.45  0.69  0.6  0.32  0.32  0.64  0.48  0.38  0.45  0.33  0.36  0.64  0.66  0.64  0.61  
0.45  0.36  0.59  0.69  0.36  0.64  0.47  0.51  0.4  0.34  0.54  0.65  0.46  0.68  0.33  0.34  0.65  0.42  0.4  0.35  
0.64  0.43  0.31  0.57  0.61  0.58  0.51  0.52  0.34  0.69  0.46  0.51  0.56  0.62  0.39  0.48  0.56  0.65  0.38  0.61  
0.45  0.61  0.3  0.63  0.33  0.46  0.36  0.49  0.47  0.66  0.39  0.36  0.65  0.35  0.56  0.54  0.43  0.53  0.6  0.57  
0.31  0.48  0.31  0.3  0.51  0.55  0.59  0.33  0.4  0.58  0.42  0.39  0.52  0.66  0.57  0.53  0.43  0.51  0.53  0.58  
0.49  0.62  0.58  0.56  0.67  0.48  0.42  0.63  0.54  0.45  0.35  0.51  0.48  0.33  0.36  0.55  0.38  0.56  0.64  0.41  
0.53  0.36  0.44  0.64  0.54  0.64  0.54  0.6  0.35  0.35  0.47  0.36  0.55  0.62  0.35  0.54  0.54  0.41  0.69  0.59  
0.31  0.43  0.32  0.64  0.51  0.57  0.36  0.68  0.65  0.41  0.38  0.39  0.48  0.4  0.35  0.32  0.57  0.56  0.46  0.34  
0.43  0.61  0.56  0.56  0.49  0.5  0.47  0.38  0.42  0.4  0.35  0.5  0.39  0.63  0.68  0.34  0.34  0.56  0.4  0.64  
0.36  0.42  0.52  0.59  0.63  0.59  0.32  0.32  0.54  0.34  0.32  0.33  0.59  0.59  0.4  0.61  0.63  0.42  0.49  0.57  
0.47  0.67  0.33  0.68  0.44  0.65  0.31  0.49  0.59  0.54  0.31  0.32  0.39  0.51  0.35  0.3  0.52  0.56  0.43  0.63  
0.46  0.62  0.53  0.65  0.65  0.59  0.33  0.35  0.5  0.38  0.39  0.69  0.69  0.67  0.58  0.5  0.48  0.33  0.48  0.59  
0.32  0.66  0.34  0.3  0.59  0.35  0.58  0.55  0.62  0.53  0.35  0.37  0.32  0.6  0.53  0.65  0.3  0.46  0.32  0.5  
0.64  0.53  0.49  0.52  0.68  0.56  0.43  0.5  0.58  0.47  0.48  0.34  0.32  0.54  0.33  0.41  0.54  0.68  0.49  0.46  
0.44  0.44  0.64  0.35  0.67  0.35  0.55  0.57  0.5  0.59  0.64  0.59  0.34  0.32  0.64  0.62  0.44  0.58  0.31  0.31  
0.49  0.66  0.31  0.69  0.34  0.56  0.59  0.33  0.66  0.44  0.58  0.68  0.48  0.59  0.44  0.32  0.57  0.68  0.52  0.65  
0.53  0.68  0.62  0.61  0.65  0.31  0.36  0.58  0.62  0.48  0.44  0.62  0.55  0.59  0.68  0.45  0.48  0.65  0.32  0.63  
0.53  0.68  0.43  0.56  0.65  0.43  0.36  0.6  0.41  0.63  0.51  0.66  0.32  0.47  0.69  0.4  0.52  0.66  0.68  0.32  
0.64  0.44  0.5  0.33  0.59  0.34  0.47  0.49  0.49  0.49  0.33  0.5  0.33  0.35  0.36  0.66  0.31  0.68  0.67  0.55  
0.43  0.36  0.45  0.67  0.49  0.46  0.59  0.61  0.42  0.4  0.56  0.4  0.59  0.68  0.42  0.39  0.69  0.31  0.41  0.41  
0.37  0.31  0.54  0.34  0.37  0.43  0.46  0.66  0.42  0.69  0.55  0.34  0.47  0.51  0.41  0.6  0.66  0.63  0.4  0.43  
0.61  0.51  0.58  0.51  0.56  0.41  0.36  0.57  0.45  0.5  0.66  0.54  0.36  0.61  0.62  0.48  0.32  0.66  0.57  0.65  
0.5  0.47  0.32  0.36  0.61  0.44  0.56  0.3  0.49  0.58  0.45  0.66  0.52  0.65  0.56  0.64  0.62  0.34  0.63  0.54  
0.43  0.5  0.41  0.62  0.54  0.33  0.34  0.42  0.68  0.41  0.6  0.54  0.31  0.51  0.39  0.38  0.45  0.46  0.42  0.4  
0.56  0.41  0.34  0.42  0.3  0.59  0.5  0.55  0.68  0.49  0.36  0.62  0.39  0.32  0.39  0.67  0.67  0.36  0.66  0.51  
0.32  0.56  0.39  0.5  0.41  0.31  0.52  0.31  0.55  0.66  0.38  0.66  0.54  0.5  0.46  0.52  0.45  0.57  0.65  0.4  
0.68  0.68  0.34  0.57  0.33  0.36  0.59  0.69  0.68  0.54  0.45  0.48  0.36  0.55  0.36  0.6  0.49  0.43  0.54  0.47  
83  87  36  36  89  74  32  81  30  47  68  96  85  47  45  58  60  39  92  34  91  45  63  50  78  82  34  42  62  77  69  70  79  72  94  51  41  25  69  77  
0.55  0.8  0.33  0.45  0.62  0.67  0.66  0.51  0.36  0.79  0.53  0.88  0.77  0.85  0.3  0.84  0.81  0.74  0.74  0.59  0.43  0.38  0.55  0.51  0.84  0.77  0.8  0.56  0.65  0.73  0.45  0.74  0.57  0.64  0.7  0.36  0.46  0.38  0.53  0.64  
0.51  0.72  0.41  0.51  0.66  0.54  0.4  0.78  0.48  0.78  0.4  0.85  0.65  0.66  0.41  0.75  0.36  0.32  0.82  0.5  0.78  0.67  0.47  0.73  0.46  0.53  0.53  0.83  0.65  0.88  0.72  0.54  0.58  0.81  0.41  0.75  0.57  0.51  0.35  0.4  
0.44  0.79  0.44  0.39  0.63  0.84  0.63  0.49  0.52  0.54  0.6  0.71  0.45  0.51  0.61  0.43  0.48  0.65  0.44  0.7  0.87  0.64  0.79  0.73  0.46  0.7  0.78  0.58  0.49  0.78  0.59  0.56  0.86  0.87  0.74  0.5  0.55  0.69  0.36  0.43  
0.36  0.52  0.82  0.66  0.4  0.59  0.46  0.8  0.6  0.66  0.33  0.3  0.84  0.64  0.77  0.65  0.73  0.71  0.32  0.59  0.38  0.45  0.5  0.84  0.39  0.88  0.76  0.85  0.55  0.65  0.61  0.75  0.4  0.58  0.53  0.87  0.77  0.67  0.8  0.53  
0.63  0.53  0.8  0.62  0.88  0.5  0.38  0.51  0.72  0.88  0.31  0.55  0.8  0.86  0.33  0.76  0.49  0.71  0.35  0.6  0.85  0.88  0.85  0.81  0.33  0.35  0.33  0.51  0.54  0.85  0.59  0.41  0.55  0.86  0.66  0.79  0.75  0.31  0.35  0.7  
0.39  0.57  0.54  0.36  0.4  0.75  0.83  0.58  0.46  0.79  0.34  0.48  0.51  0.57  0.89  0.6  0.77  0.49  0.53  0.53  0.33  0.68  0.72  0.6  0.82  0.8  0.51  0.72  0.37  0.47  0.4  0.66  0.47  0.37  0.41  0.68  0.76  0.49  0.62  0.36  
0.61  0.58  0.66  0.52  0.84  0.74  0.73  0.36  0.33  0.34  0.7  0.45  0.61  0.55  0.83  0.71  0.35  0.77  0.58  0.57  0.51  0.5  0.72  0.48  0.42  0.49  0.85  0.51  0.41  0.59  0.34  0.89  0.85  0.38  0.34  0.68  0.71  0.37  0.4  0.45  
0.3  0.51  0.55  0.31  0.74  0.51  0.75  0.49  0.89  0.83  0.88  0.78  0.83  0.43  0.52  0.55  0.78  0.73  0.46  0.56  0.31  0.63  0.68  0.62  0.44  0.56  0.76  0.76  0.66  0.87  0.51  0.44  0.42  0.52  0.49  0.76  0.63  0.76  0.73  0.42  
0.82  0.59  0.52  0.52  0.34  0.8  0.76  0.79  0.85  0.57  0.67  0.55  0.47  0.67  0.47  0.7  0.61  0.64  0.76  0.57  0.88  0.35  0.57  0.36  0.39  0.77  0.68  0.4  0.46  0.38  0.52  0.87  0.73  0.61  0.79  0.66  0.41  0.31  0.63  0.85  
0.45  0.56  0.68  0.36  0.59  0.68  0.41  0.53  0.56  0.78  0.64  0.86  0.89  0.71  0.74  0.65  0.6  0.57  0.47  0.73  0.7  0.64  0.69  0.78  0.82  0.73  0.72  0.72  0.3  0.85  0.57  0.32  0.73  0.68  0.31  0.84  0.81  0.78  0.67  0.68  
0.61  0.74  0.73  0.52  0.69  0.37  0.48  0.67  0.84  0.3  0.86  0.73  0.51  0.44  0.48  0.3  0.53  0.7  0.72  0.83  0.75  0.5  0.47  0.4  0.48  0.83  0.54  0.34  0.35  0.57  0.83  0.73  0.44  0.71  0.65  0.74  0.76  0.87  0.69  0.63  
0.37  0.62  0.46  0.63  0.33  0.6  0.88  0.6  0.34  0.86  0.51  0.78  0.46  0.85  0.85  0.46  0.84  0.46  0.73  0.82  0.51  0.41  0.57  0.35  0.49  0.7  0.84  0.76  0.54  0.59  0.37  0.77  0.74  0.5  0.43  0.87  0.65  0.57  0.77  0.3  
0.33  0.59  0.32  0.45  0.45  0.84  0.38  0.41  0.72  0.57  0.77  0.84  0.64  0.89  0.65  0.83  0.56  0.55  0.38  0.42  0.48  0.78  0.45  0.51  0.87  0.49  0.64  0.86  0.73  0.46  0.64  0.35  0.86  0.62  0.71  0.77  0.59  0.81  0.43  0.49  
0.76  0.48  0.69  0.85  0.41  0.54  0.89  0.39  0.45  0.74  0.3  0.45  0.64  0.75  0.45  0.39  0.48  0.41  0.54  0.87  0.58  0.49  0.65  0.39  0.42  0.74  0.73  0.68  0.56  0.69  0.87  0.3  0.52  0.3  0.39  0.69  0.88  0.88  0.36  0.78  
0.85  0.39  0.6  0.44  0.47  0.44  0.32  0.44  0.33  0.68  0.68  0.59  0.81  0.57  0.67  0.55  0.59  0.89  0.42  0.89  0.6  0.48  0.59  0.69  0.68  0.88  0.48  0.46  0.64  0.67  0.6  0.4  0.3  0.3  0.37  0.43  0.7  0.59  0.42  0.87  
0.34  0.83  0.59  0.8  0.76  0.77  0.87  0.3  0.58  0.57  0.86  0.77  0.43  0.5  0.39  0.85  0.32  0.87  0.58  0.3  0.33  0.71  0.3  0.86  0.65  0.42  0.89  0.39  0.79  0.41  0.49  0.7  0.63  0.5  0.31  0.88  0.64  0.82  0.84  0.73  
0.84  0.8  0.79  0.7  0.77  0.54  0.34  0.71  0.76  0.44  0.65  0.68  0.83  0.67  0.49  0.47  0.75  0.84  0.79  0.55  0.4  0.46  0.42  0.67  0.65  0.81  0.63  0.79  0.38  0.36  0.67  0.38  0.67  0.72  0.72  0.43  0.34  0.65  0.64  0.73  
0.69  0.3  0.89  0.37  0.66  0.56  0.45  0.43  0.66  0.72  0.84  0.63  0.83  0.86  0.72  0.78  0.62  0.52  0.39  0.83  0.81  0.86  0.64  0.71  0.57  0.53  0.75  0.33  0.58  0.52  0.86  0.46  0.69  0.44  0.36  0.87  0.74  0.54  0.72  0.71  
0.32  0.54  0.35  0.88  0.58  0.68  0.69  0.38  0.55  0.46  0.49  0.82  0.32  0.58  0.38  0.71  0.4  0.49  0.32  0.34  0.85  0.56  0.68  0.71  0.69  0.73  0.33  0.57  0.68  0.77  0.64  0.46  0.68  0.89  0.69  0.77  0.56  0.53  0.37  0.43  
0.89  0.49  0.58  0.83  0.33  0.54  0.78  0.55  0.42  0.51  0.77  0.52  0.75  0.72  0.49  0.78  0.46  0.3  0.62  0.88  0.38  0.69  0.81  0.6  0.41  0.86  0.73  0.74  0.48  0.42  0.37  0.49  0.46  0.63  0.89  0.43  0.39  0.83  0.87  0.54  
0.58  0.34  0.59  0.35  0.33  0.43  0.42  0.34  0.66  0.51  0.64  0.62  0.57  0.62  0.68  0.54  0.49  0.54  0.52  0.44  0.44  0.45  0.53  0.65  0.48  0.53  0.48  0.33  0.3  0.53  0.62  0.48  0.68  0.31  0.61  0.62  0.53  0.4  0.43  0.63  
0.55  0.32  0.66  0.54  0.3  0.67  0.61  0.35  0.63  0.39  0.66  0.5  0.47  0.3  0.64  0.3  0.69  0.38  0.67  0.37  0.54  0.64  0.38  0.3  0.56  0.46  0.32  0.65  0.64  0.48  0.59  0.62  0.48  0.57  0.4  0.56  0.43  0.37  0.55  0.51  
0.67  0.53  0.54  0.44  0.37  0.55  0.31  0.4  0.59  0.4  0.47  0.64  0.35  0.51  0.44  0.43  0.53  0.55  0.31  0.44  0.43  0.59  0.66  0.53  0.6  0.61  0.36  0.69  0.66  0.68  0.34  0.54  0.61  0.66  0.4  0.5  0.3  0.62  0.49  0.31  
0.41  0.49  0.68  0.32  0.37  0.56  0.47  0.31  0.53  0.33  0.64  0.64  0.44  0.49  0.41  0.55  0.37  0.53  0.44  0.52  0.65  0.48  0.4  0.37  0.61  0.36  0.5  0.61  0.42  0.61  0.39  0.36  0.46  0.58  0.65  0.32  0.36  0.45  0.48  0.5  
0.48  0.53  0.51  0.51  0.53  0.42  0.4  0.65  0.66  0.57  0.48  0.69  0.34  0.32  0.46  0.39  0.35  0.45  0.41  0.68  0.41  0.66  0.64  0.55  0.6  0.35  0.3  0.61  0.56  0.43  0.55  0.45  0.52  0.44  0.65  0.48  0.61  0.61  0.62  0.45  
0.51  0.33  0.41  0.57  0.35  0.3  0.31  0.69  0.39  0.35  0.56  0.32  0.36  0.37  0.45  0.54  0.58  0.36  0.37  0.49  0.57  0.34  0.59  0.47  0.34  0.59  0.42  0.6  0.35  0.51  0.44  0.5  0.64  0.45  0.62  0.54  0.3  0.48  0.49  0.37  
0.33  0.63  0.45  0.63  0.57  0.32  0.62  0.51  0.48  0.6  0.43  0.51  0.47  0.41  0.61  0.57  0.5  0.45  0.37  0.41  0.49  0.6  0.65  0.65  0.65  0.52  0.33  0.47  0.58  0.63  0.52  0.34  0.41  0.64  0.64  0.51  0.57  0.66  0.5  0.69  
0.3  0.45  0.59  0.67  0.43  0.34  0.44  0.65  0.68  0.57  0.43  0.62  0.54  0.32  0.3  0.65  0.38  0.31  0.31  0.65  0.55  0.35  0.65  0.33  0.32  0.48  0.42  0.44  0.61  0.5  0.42  0.69  0.52  0.37  0.43  0.5  0.43  0.35  0.57  0.33  
0.33  0.54  0.51  0.52  0.66  0.31  0.42  0.66  0.63  0.63  0.66  0.3  0.69  0.59  0.4  0.36  0.44  0.37  0.67  0.56  0.43  0.49  0.53  0.49  0.5  0.53  0.35  0.39  0.33  0.53  0.59  0.41  0.55  0.53  0.62  0.66  0.61  0.56  0.46  0.68  
0.6  0.41  0.34  0.61  0.52  0.57  0.48  0.58  0.39  0.64  0.34  0.41  0.61  0.55  0.68  0.67  0.65  0.37  0.6  0.66  0.59  0.32  0.59  0.47  0.48  0.3  0.68  0.56  0.47  0.53  0.58  0.4  0.53  0.48  0.63  0.63  0.44  0.67  0.5  0.35  
0.47  0.41  0.56  0.47  0.41  0.67  0.3  0.51  0.55  0.52  0.54  0.6  0.59  0.51  0.65  0.53  0.58  0.33  0.68  0.38  0.64  0.36  0.45  0.61  0.43  0.43  0.47  0.51  0.69  0.5  0.53  0.4  0.38  0.4  0.6  0.56  0.49  0.63  0.6  0.39  
0.61  0.6  0.32  0.44  0.64  0.64  0.52  0.51  0.63  0.62  0.3  0.37  0.32  0.46  0.32  0.35  0.68  0.41  0.61  0.33  0.63  0.54  0.5  0.48  0.5  0.36  0.55  0.3  0.6  0.33  0.54  0.34  0.6  0.51  0.67  0.5  0.41  0.61  0.44  0.47  
0.54  0.52  0.51  0.36  0.64  0.67  0.66  0.43  0.41  0.67  0.39  0.33  0.43  0.39  0.32  0.51  0.45  0.31  0.48  0.56  0.42  0.5  0.59  0.33  0.34  0.34  0.54  0.63  0.56  0.67  0.58  0.43  0.46  0.45  0.59  0.36  0.62  0.58  0.52  0.6  
0.35  0.49  0.54  0.36  0.55  0.44  0.32  0.33  0.3  0.39  0.56  0.63  0.66  0.5  0.43  0.54  0.41  0.49  0.34  0.65  0.52  0.66  0.38  0.46  0.65  0.47  0.37  0.43  0.35  0.68  0.69  0.3  0.57  0.67  0.65  0.57  0.52  0.62  0.5  0.67  
0.37  0.45  0.31  0.34  0.54  0.57  0.39  0.39  0.39  0.56  0.38  0.51  0.53  0.58  0.55  0.57  0.54  0.59  0.42  0.35  0.4  0.58  0.54  0.58  0.5  0.41  0.64  0.4  0.43  0.54  0.37  0.65  0.66  0.33  0.52  0.41  0.69  0.31  0.63  0.63  
0.38  0.46  0.67  0.66  0.59  0.58  0.3  0.67  0.69  0.4  0.58  0.44  0.43  0.5  0.47  0.63  0.64  0.42  0.61  0.34  0.5  0.42  0.49  0.65  0.61  0.66  0.48  0.36  0.31  0.51  0.58  0.51  0.69  0.61  0.41  0.32  0.46  0.6  0.67  0.68  
0.54  0.4  0.35  0.52  0.46  0.36  0.47  0.45  0.58  0.63  0.46  0.3  0.51  0.42  0.56  0.53  0.38  0.42  0.34  0.36  0.44  0.62  0.49  0.53  0.36  0.43  0.55  0.6  0.46  0.38  0.53  0.36  0.49  0.41  0.4  0.69  0.4  0.58  0.47  0.61  
0.63  0.64  0.35  0.52  0.61  0.64  0.63  0.44  0.53  0.55  0.59  0.56  0.69  0.56  0.52  0.52  0.5  0.41  0.62  0.63  0.59  0.49  0.36  0.44  0.62  0.6  0.39  0.63  0.4  0.43  0.3  0.62  0.41  0.37  0.37  0.53  0.55  0.42  0.49  0.62  
0.42  0.5  0.66  0.41  0.4  0.41  0.34  0.65  0.41  0.38  0.53  0.63  0.61  0.45  0.58  0.51  0.69  0.49  0.33  0.56  0.4  0.3  0.61  0.64  0.39  0.54  0.35  0.4  0.43  0.57  0.36  0.36  0.37  0.35  0.32  0.62  0.62  0.65  0.59  0.51  
0.64  0.68  0.45  0.38  0.45  0.41  0.52  0.42  0.39  0.32  0.53  0.34  0.47  0.44  0.59  0.51  0.41  0.58  0.39  0.37  0.48  0.53  0.48  0.61  0.38  0.34  0.6  0.47  0.55  0.47  0.4  0.58  0.39  0.41  0.53  0.36  0.57  0.63  0.44  0.56  
80  84  91  75  55  70  54  72  40  82  49  83  55  50  82  36  82  98  46  40  
