4  5
0.4  0.66  0.67  0.7  0.8  
0.89  0.86  0.3  0.74  0.3  
0.57  0.78  0.37  0.71  0.54  
0.65  0.38  0.36  0.7  0.86  
0.53  0.58  0.69  0.52  0.58  
0.68  0.37  0.34  0.46  0.65  
0.68  0.68  0.42  0.54  0.55  
0.59  0.53  0.47  0.44  0.54  
28  66  47  94  
0.37  0.57  0.52  0.64  
0.36  0.89  0.3  0.55  
0.76  0.47  0.3  0.37  
0.6  0.67  0.77  0.86  
0.84  0.79  0.84  0.67  
0.31  0.63  0.67  0.62  
0.64  0.46  0.64  0.46  
0.64  0.58  0.6  0.44  
0.65  0.42  0.58  0.38  
0.54  0.33  0.53  0.39  
55  76  88  28  56  
