5  5
0.42  0.58  0.46  0.81  0.49  
0.33  0.46  0.48  0.35  0.68  
0.67  0.75  0.31  0.31  0.49  
0.68  0.6  0.47  0.46  0.63  
0.52  0.83  0.38  0.78  0.3  
0.49  0.43  0.4  0.64  0.45  
0.3  0.5  0.68  0.37  0.47  
0.63  0.65  0.46  0.69  0.47  
0.59  0.58  0.61  0.5  0.31  
0.58  0.63  0.58  0.53  0.54  
45  56  82  83  91  
0.77  0.86  0.67  0.5  0.44  
0.37  0.59  0.31  0.44  0.34  
0.6  0.55  0.68  0.37  0.33  
0.61  0.58  0.3  0.57  0.77  
0.64  0.76  0.3  0.58  0.63  
0.69  0.41  0.45  0.38  0.4  
0.61  0.53  0.66  0.39  0.47  
0.43  0.61  0.38  0.58  0.6  
0.49  0.56  0.3  0.6  0.31  
0.56  0.55  0.61  0.67  0.59  
44  92  36  86  46  
