6  3
0.88  0.65  0.31  
0.73  0.75  0.57  
0.88  0.34  0.87  
0.75  0.71  0.69  
0.61  0.4  0.46  
0.75  0.47  0.77  
0.31  0.31  0.48  
0.37  0.63  0.43  
0.32  0.31  0.41  
0.57  0.57  0.66  
0.63  0.52  0.39  
0.5  0.5  0.36  
70  25  73  99  98  58  
0.75  0.33  0.5  0.47  0.34  0.45  
0.32  0.76  0.44  0.84  0.36  0.48  
0.31  0.74  0.65  0.48  0.6  0.57  
0.55  0.54  0.57  0.51  0.66  0.31  
0.4  0.35  0.4  0.68  0.39  0.33  
0.33  0.47  0.4  0.59  0.58  0.53  
56  54  81  
