6  5
0.61  0.32  0.47  0.69  0.68  
0.73  0.53  0.72  0.8  0.88  
0.88  0.39  0.53  0.45  0.3  
0.33  0.68  0.54  0.5  0.59  
0.69  0.65  0.43  0.89  0.84  
0.86  0.63  0.3  0.86  0.44  
0.68  0.39  0.38  0.32  0.35  
0.44  0.31  0.37  0.56  0.33  
0.44  0.3  0.52  0.36  0.33  
0.41  0.32  0.58  0.67  0.42  
0.63  0.47  0.43  0.56  0.46  
0.69  0.47  0.45  0.39  0.6  
37  36  38  81  93  92  
0.82  0.63  0.88  0.88  0.42  0.41  
0.41  0.39  0.78  0.52  0.33  0.7  
0.56  0.4  0.51  0.37  0.39  0.79  
0.71  0.89  0.5  0.63  0.81  0.46  
0.61  0.53  0.56  0.89  0.48  0.52  
0.32  0.35  0.53  0.32  0.68  0.3  
0.36  0.53  0.33  0.36  0.54  0.43  
0.61  0.66  0.3  0.31  0.31  0.43  
0.64  0.37  0.43  0.65  0.51  0.43  
0.4  0.67  0.6  0.62  0.41  0.39  
73  56  41  29  66  
