7  10
0.48  0.85  0.36  0.62  0.83  0.69  0.48  0.33  0.51  0.48  
0.44  0.65  0.75  0.4  0.7  0.79  0.5  0.89  0.33  0.61  
0.56  0.41  0.76  0.34  0.6  0.68  0.55  0.82  0.87  0.54  
0.64  0.89  0.45  0.66  0.53  0.35  0.7  0.63  0.69  0.8  
0.84  0.41  0.82  0.75  0.75  0.55  0.87  0.64  0.85  0.34  
0.89  0.54  0.36  0.84  0.82  0.45  0.44  0.82  0.6  0.48  
0.77  0.75  0.63  0.66  0.44  0.54  0.38  0.43  0.45  0.49  
0.43  0.53  0.69  0.59  0.69  0.52  0.41  0.39  0.58  0.61  
0.35  0.5  0.45  0.41  0.63  0.31  0.49  0.46  0.41  0.45  
0.55  0.38  0.37  0.53  0.68  0.4  0.55  0.37  0.31  0.43  
0.52  0.35  0.42  0.56  0.56  0.54  0.62  0.64  0.41  0.41  
0.6  0.62  0.68  0.65  0.65  0.3  0.31  0.66  0.57  0.37  
0.31  0.37  0.64  0.67  0.43  0.53  0.68  0.39  0.32  0.66  
0.47  0.57  0.31  0.61  0.37  0.46  0.6  0.37  0.56  0.39  
71  63  75  99  73  88  79  
0.83  0.33  0.48  0.55  0.44  0.87  0.64  
0.79  0.67  0.61  0.37  0.67  0.3  0.58  
0.7  0.71  0.39  0.75  0.47  0.37  0.89  
0.7  0.67  0.6  0.86  0.79  0.68  0.7  
0.8  0.69  0.68  0.82  0.64  0.55  0.79  
0.57  0.64  0.32  0.86  0.74  0.87  0.6  
0.82  0.63  0.39  0.6  0.33  0.34  0.46  
0.43  0.8  0.44  0.57  0.41  0.46  0.57  
0.37  0.8  0.48  0.44  0.78  0.78  0.42  
0.76  0.3  0.39  0.52  0.63  0.86  0.79  
0.48  0.58  0.31  0.5  0.59  0.41  0.48  
0.5  0.67  0.61  0.42  0.4  0.68  0.35  
0.48  0.67  0.61  0.51  0.56  0.42  0.33  
0.6  0.69  0.32  0.49  0.41  0.46  0.44  
0.44  0.61  0.39  0.66  0.42  0.44  0.39  
0.6  0.69  0.58  0.42  0.61  0.5  0.47  
0.56  0.4  0.54  0.67  0.38  0.6  0.68  
0.54  0.67  0.51  0.62  0.67  0.61  0.67  
0.34  0.46  0.37  0.36  0.55  0.36  0.48  
0.51  0.39  0.5  0.63  0.38  0.48  0.41  
32  31  28  51  72  96  36  56  44  29  
