7  5
0.88  0.84  0.6  0.47  0.61  
0.39  0.53  0.54  0.81  0.51  
0.44  0.31  0.56  0.84  0.39  
0.38  0.56  0.56  0.48  0.48  
0.49  0.41  0.78  0.38  0.64  
0.32  0.31  0.44  0.34  0.72  
0.55  0.73  0.74  0.37  0.84  
0.49  0.37  0.55  0.4  0.34  
0.49  0.6  0.42  0.67  0.68  
0.32  0.6  0.58  0.62  0.42  
0.49  0.55  0.69  0.68  0.46  
0.69  0.53  0.42  0.55  0.5  
0.67  0.57  0.31  0.66  0.3  
0.38  0.31  0.4  0.56  0.6  
30  85  59  76  55  43  63  
0.59  0.67  0.48  0.7  0.82  0.41  0.48  
0.56  0.85  0.33  0.58  0.36  0.77  0.31  
0.72  0.72  0.68  0.86  0.45  0.63  0.44  
0.58  0.88  0.61  0.62  0.3  0.67  0.59  
0.78  0.35  0.8  0.54  0.76  0.77  0.31  
0.46  0.47  0.69  0.41  0.5  0.44  0.53  
0.35  0.63  0.33  0.64  0.33  0.58  0.42  
0.45  0.44  0.37  0.43  0.69  0.38  0.48  
0.31  0.42  0.65  0.68  0.65  0.43  0.36  
0.57  0.34  0.53  0.41  0.65  0.5  0.69  
97  82  25  46  90  
